	1_d0	10_d0	11_d0	12_d0	13_d0	14_d0	15_d0	16_d0	18_d0	2_d0	20_d0	21_d0	24_d0	25_d0	26_d0	29_d0	3_d0	4_d0	5_d0	6_d0	61_d0	62_d0	63_d0	64_d0	65_d0	66_d0	67_d0	68_d0	69_d0	70_d0	71_d0	72_d0	73_d0	74_d0	75_d0	76_d0	77_d0	78_d0	79_d0	8_d0	80_d0	81_d0	82_d0	83_d0	84_d0	85_d0	86_d0	87_d0	88_d0	89_d0	9_d0	90_d0
X1_d0	0	0.10219487	0.279518555	0.193721797	0.303886114	0.155311408	0.447108002	0.216472551	0.302253039	0.210126115	0.331375804	0.334143956	0.245512662	0.379212472	0.339354396	0.343238886	0.119845807	0.243498885	0.109627163	0.29801411	0.461756781	0.491878765	0.411667952	0.45895718	0.41711048	0.283113011	0.296447864	0.441590307	0.381676625	0.302450275	0.265539692	0.255145788	0.136488886	0.346156885	0.362188864	0.234133169	0.268144608	0.147275714	0.468604756	0.281423965	0.341713599	0.368597354	0.396503889	0.227753577	0.420922454	0.204481939	0.182712535	0.305089934	0.277770532	0.178039394	0.291819838	0.44009305
X10_d0	0.10219487	0	0.264611703	0.181673605	0.322809029	0.147341798	0.462925003	0.258205516	0.292269163	0.217562773	0.319029693	0.376938707	0.294703349	0.37583491	0.333416882	0.336427698	0.113548686	0.259738273	0.104365567	0.328131543	0.47740713	0.516043077	0.430771762	0.497794234	0.430670384	0.277073921	0.291095393	0.45935686	0.417201069	0.304770665	0.291800662	0.290308794	0.131928264	0.358997519	0.38267995	0.292575945	0.304691417	0.14302324	0.486741801	0.319141734	0.325931579	0.37950223	0.406886217	0.233083291	0.439067849	0.234060911	0.161449909	0.293632954	0.27828816	0.217999748	0.319231137	0.459029124
X11_d0	0.279518555	0.264611703	0	0.235932096	0.354639468	0.349225725	0.3973324	0.254654979	0.170379546	0.215825085	0.139213169	0.366930619	0.34984106	0.29487111	0.25157419	0.252902218	0.222092565	0.327322853	0.21747925	0.395467006	0.404037565	0.488348924	0.379412254	0.472790685	0.369830213	0.213861357	0.218615109	0.38261862	0.368218287	0.212258117	0.215733002	0.309682786	0.236103087	0.322261912	0.320878894	0.392484161	0.350549737	0.23712179	0.472739054	0.397483602	0.201941805	0.397033439	0.328639722	0.245326333	0.385625057	0.215580902	0.19994461	0.200271433	0.264829539	0.285331297	0.396603537	0.428693783
X12_d0	0.193721797	0.181673605	0.235932096	0	0.262269119	0.205404834	0.345124581	0.162299679	0.196297088	0.272340958	0.288347032	0.416077399	0.286806119	0.25853802	0.269347526	0.187537329	0.145984567	0.199259686	0.154903663	0.315950872	0.409996791	0.500109382	0.343159627	0.485781568	0.322641756	0.140946874	0.168400805	0.357362501	0.358541334	0.225421921	0.330008555	0.304064669	0.179257458	0.306010284	0.269313501	0.291842018	0.29060493	0.177988117	0.475526105	0.302160141	0.325737116	0.355201346	0.322199836	0.275610067	0.395806996	0.25410513	0.12706097	0.18652737	0.229249276	0.221495452	0.300867293	0.428396543
X13_d0	0.303886114	0.322809029	0.354639468	0.262269119	0	0.287968347	0.165658765	0.264637258	0.334488556	0.347579826	0.41155504	0.454341183	0.270555692	0.33068239	0.324311978	0.34505496	0.264677675	0.284494355	0.269661967	0.231531949	0.222960268	0.307522492	0.339540343	0.323203541	0.282526425	0.31329543	0.33874356	0.159293292	0.189962825	0.329740998	0.310286007	0.255966678	0.291067033	0.202083119	0.296674778	0.206109938	0.213479194	0.33237402	0.232659605	0.359197572	0.404261015	0.157605701	0.259177733	0.294332638	0.244977223	0.32435591	0.253744383	0.364435129	0.281909586	0.281032454	0.371578768	0.274589837
X14_d0	0.155311408	0.147341798	0.349225725	0.205404834	0.287968347	0	0.413262022	0.25157711	0.330905422	0.296368812	0.3828547	0.409179422	0.246958297	0.339283127	0.310210113	0.326510161	0.182990752	0.245992712	0.174868367	0.263211625	0.430418585	0.458164213	0.388255673	0.446932518	0.387267805	0.301648605	0.319364379	0.417370543	0.37375508	0.326414535	0.307702753	0.273889008	0.188107289	0.309361895	0.333151256	0.262647218	0.273109651	0.213744352	0.446700924	0.307767391	0.355565659	0.327644323	0.345814664	0.27909834	0.391295172	0.274798459	0.232794855	0.352040548	0.267645202	0.233931089	0.330116818	0.401207836
X15_d0	0.447108002	0.462925003	0.3973324	0.345124581	0.165658765	0.413262022	0	0.296213707	0.336422817	0.463343869	0.449051258	0.472464542	0.361013897	0.283313795	0.330695194	0.313724662	0.398873292	0.392773963	0.406234927	0.280462549	0.18425514	0.269903129	0.308907498	0.304463542	0.221209133	0.314226612	0.306132953	0.081960193	0.204019217	0.325470336	0.341034729	0.336719055	0.405191446	0.223269575	0.245496909	0.329166007	0.299705772	0.455343226	0.187797837	0.472328828	0.435200981	0.176758018	0.263012797	0.351450215	0.214245455	0.461495574	0.36942906	0.344400486	0.342377629	0.392467712	0.493307384	0.241290626
X16_d0	0.216472551	0.258205516	0.254654979	0.162299679	0.264637258	0.25157711	0.296213707	0	0.178114626	0.244384417	0.303274736	0.35095428	0.233685031	0.211654939	0.224771387	0.190618606	0.208186946	0.210676079	0.210128437	0.25983347	0.359693035	0.432243486	0.277250379	0.402155702	0.265671366	0.163951354	0.176606119	0.300067601	0.268500036	0.213523786	0.280230026	0.285180987	0.23924355	0.245066097	0.208161709	0.25662136	0.233333261	0.254753786	0.415434952	0.314080078	0.312752043	0.31608676	0.283289742	0.257363691	0.326586535	0.269704966	0.180959979	0.2113579	0.19069722	0.208402234	0.339338565	0.36029602
X18_d0	0.302253039	0.292269163	0.170379546	0.196297088	0.334488556	0.330905422	0.336422817	0.178114626	0	0.263695045	0.181384556	0.365666471	0.330130383	0.227036695	0.196775709	0.177374069	0.234746196	0.288229774	0.233848682	0.350095115	0.369198943	0.451916197	0.289099817	0.434485462	0.286751311	0.14065681	0.133830085	0.291781033	0.319377984	0.141139635	0.252670754	0.31110335	0.254525712	0.281286903	0.219888343	0.362637013	0.31990869	0.229991554	0.456444882	0.382809245	0.211017762	0.364618435	0.276931574	0.252518312	0.335793458	0.246856681	0.159956613	0.110590829	0.218103629	0.281288035	0.3812036	0.38331538
X2_d0	0.210126115	0.217562773	0.215825085	0.272340958	0.347579826	0.296368812	0.463343869	0.244384417	0.263695045	0	0.260291426	0.33063676	0.259617399	0.372079575	0.314731345	0.350486639	0.184519545	0.336603642	0.175057685	0.349372572	0.479145404	0.503644515	0.43402718	0.472244049	0.4424477	0.299039025	0.318183014	0.463846006	0.400356051	0.298277179	0.241730131	0.271206871	0.197038479	0.355599477	0.384395212	0.234344615	0.28725017	0.185029797	0.480038426	0.368080361	0.251815589	0.371092716	0.394849973	0.230903388	0.434534413	0.159591573	0.206169992	0.308635111	0.280390641	0.215965544	0.347923417	0.445899397
X20_d0	0.331375804	0.319029693	0.139213169	0.288347032	0.41155504	0.3828547	0.449051258	0.303274736	0.181384556	0.260291426	0	0.405718123	0.391890429	0.337778644	0.27613052	0.285233456	0.26741597	0.383435839	0.263677344	0.426467953	0.438982123	0.5060231	0.412994282	0.490892324	0.410293969	0.259275495	0.258272151	0.414368541	0.409635628	0.200112459	0.274170195	0.3577337	0.283932289	0.360900067	0.355932657	0.42833741	0.377879279	0.267079048	0.502777303	0.446768481	0.125364489	0.430111644	0.368457591	0.287594681	0.407490117	0.14633929	0.241959751	0.190389974	0.311296261	0.325345462	0.435746195	0.456177294
X21_d0	0.334143956	0.376938707	0.366930619	0.416077399	0.454341183	0.409179422	0.472464542	0.35095428	0.365666471	0.33063676	0.405718123	0	0.241741617	0.33260097	0.339840408	0.429798262	0.358710951	0.301741271	0.349868638	0.347755271	0.473207157	0.483599907	0.464616122	0.454486174	0.451816745	0.388989572	0.386150658	0.474772823	0.419261247	0.393959555	0.327258	0.341388621	0.355432918	0.407911765	0.412884269	0.39531874	0.379617506	0.361289684	0.474516848	0.223589264	0.30982308	0.420919366	0.390934107	0.326716277	0.437056208	0.374717262	0.362566989	0.3926799	0.37831294	0.346222154	0.200461752	0.448558538
X24_d0	0.245512662	0.294703349	0.34984106	0.286806119	0.270555692	0.246958297	0.361013897	0.233685031	0.330130383	0.259617399	0.391890429	0.241741617	0	0.249685308	0.25872071	0.363069353	0.24971161	0.248073026	0.244612309	0.185990397	0.385935765	0.410573115	0.339137104	0.391236746	0.358871369	0.334096426	0.351615777	0.364315773	0.303266375	0.341265568	0.259183221	0.212808326	0.242888699	0.272178364	0.283299877	0.211288225	0.200093682	0.302191334	0.389972377	0.267436134	0.310437588	0.275295443	0.294863883	0.226683882	0.329130662	0.275353801	0.267952796	0.380093201	0.241779947	0.206636035	0.267733951	0.328206564
X25_d0	0.379212472	0.37583491	0.29487111	0.25853802	0.33068239	0.339283127	0.283313795	0.211654939	0.227036695	0.372079575	0.337778644	0.33260097	0.249685308	0	0.211790718	0.22907783	0.327611151	0.299653216	0.335818447	0.265282356	0.34153266	0.425668054	0.294949058	0.407331042	0.269954363	0.210574348	0.203299347	0.277070587	0.306969108	0.266036944	0.301338306	0.317401886	0.338319456	0.270220229	0.228129825	0.376961702	0.324903244	0.357197582	0.42343646	0.378927184	0.257526236	0.35113298	0.252132358	0.329330966	0.322906355	0.389891271	0.27832706	0.257479221	0.257741156	0.325701561	0.40867984	0.347125799
X26_d0	0.339354396	0.333416882	0.25157419	0.269347526	0.324311978	0.310210113	0.330695194	0.224771387	0.196775709	0.314731345	0.27613052	0.339840408	0.25872071	0.211790718	0	0.247741433	0.295502044	0.298450129	0.294848624	0.285539051	0.339695697	0.38827286	0.29039216	0.365956998	0.303251078	0.240260535	0.244636097	0.301376928	0.288910182	0.275804666	0.274679535	0.2853061	0.273444203	0.246383923	0.219935153	0.324173727	0.268083584	0.308923652	0.365292987	0.341837179	0.247564461	0.301455435	0.243023316	0.255655407	0.256449987	0.32631255	0.247242669	0.261606832	0.145989002	0.252403642	0.365882542	0.286610524
X29_d0	0.343238886	0.336427698	0.252902218	0.187537329	0.34505496	0.326510161	0.313724662	0.190618606	0.177374069	0.350486639	0.285233456	0.429798262	0.363069353	0.22907783	0.247741433	0	0.297032463	0.299442465	0.29707563	0.381562286	0.381662337	0.47067383	0.313811508	0.455659295	0.275598294	0.108267848	0.106515242	0.310183141	0.339272228	0.229305758	0.349454788	0.370808274	0.315185998	0.29616792	0.245115417	0.392788794	0.340298294	0.305420466	0.470009539	0.39946832	0.330692966	0.393671258	0.305709836	0.326857132	0.36979297	0.356667576	0.220480128	0.132791542	0.262897005	0.30963603	0.415844192	0.414109188
X3_d0	0.119845807	0.113548686	0.222092565	0.145984567	0.264677675	0.182990752	0.398873292	0.208186946	0.234746196	0.184519545	0.26741597	0.358710951	0.24971161	0.327611151	0.295502044	0.297032463	0	0.217395651	0.047930902	0.27780487	0.406786354	0.470264644	0.366074894	0.456099323	0.367588647	0.23903374	0.247647024	0.392087288	0.34977913	0.233683609	0.237353366	0.251192427	0.083797308	0.291810424	0.310783543	0.246788147	0.249541257	0.116899343	0.440967609	0.285786455	0.293997959	0.332673628	0.347810228	0.179441305	0.373918041	0.191612698	0.120267505	0.25180607	0.225925247	0.182226578	0.288406321	0.410452459
X4_d0	0.243498885	0.259738273	0.327322853	0.199259686	0.284494355	0.245992712	0.392773963	0.210676079	0.288229774	0.336603642	0.383435839	0.301741271	0.248073026	0.299653216	0.298450129	0.299442465	0.217395651	0	0.219182276	0.284421283	0.408622124	0.482074031	0.3662251	0.469127027	0.359377151	0.283118109	0.298633149	0.382179673	0.35891244	0.337898984	0.347291773	0.336446887	0.252015522	0.306421323	0.312187336	0.280179449	0.302213549	0.257874341	0.481146943	0.136550443	0.380337351	0.365044476	0.351708221	0.296938387	0.388043755	0.341947064	0.227952298	0.33435184	0.245290459	0.269408539	0.189543819	0.428427243
X5_d0	0.109627163	0.104365567	0.21747925	0.154903663	0.269661967	0.174868367	0.406234927	0.210128437	0.233848682	0.175057685	0.263677344	0.349868638	0.244612309	0.335818447	0.294848624	0.29707563	0.047930902	0.219182276	0	0.281813348	0.422830398	0.478894477	0.37543169	0.461929196	0.379921519	0.24871157	0.258954516	0.400762699	0.357237769	0.241034415	0.23319748	0.2492919	0.077766621	0.303891577	0.321765103	0.244015817	0.25366161	0.111233035	0.448846017	0.289041784	0.286158164	0.332084985	0.356655128	0.177675431	0.381773196	0.178740618	0.126136457	0.25809157	0.224731829	0.170991831	0.288553577	0.408987159
X6_d0	0.29801411	0.328131543	0.395467006	0.315950872	0.231531949	0.263211625	0.280462549	0.25983347	0.350095115	0.349372572	0.426467953	0.347755271	0.185990397	0.265282356	0.285539051	0.381562286	0.27780487	0.284421283	0.281813348	0	0.315543795	0.328380057	0.30991221	0.320843075	0.291664779	0.365904768	0.376402542	0.280998158	0.254535248	0.37076496	0.273727035	0.21358802	0.288933959	0.217360332	0.253122808	0.201398012	0.208787329	0.330337673	0.314797592	0.327776053	0.34088758	0.218730505	0.250465424	0.275260021	0.247774975	0.340812047	0.318185399	0.414468673	0.270847967	0.278903003	0.354952979	0.248698847
X61_d0	0.461756781	0.47740713	0.404037565	0.409996791	0.222960268	0.430418585	0.18425514	0.359693035	0.369198943	0.479145404	0.438982123	0.473207157	0.385935765	0.34153266	0.339695697	0.381662337	0.406786354	0.408622124	0.422830398	0.315543795	0	0.187612102	0.315632225	0.223799063	0.204844175	0.376525143	0.36269152	0.148961674	0.183114661	0.357439119	0.342666843	0.329567527	0.422896122	0.23466951	0.285077035	0.358601855	0.287850255	0.454262544	0.226701746	0.481636161	0.440856706	0.209645892	0.254075202	0.344934283	0.193961117	0.474501142	0.389476771	0.406636636	0.365403479	0.41484444	0.492230139	0.295330215
X62_d0	0.491878765	0.516043077	0.488348924	0.500109382	0.307522492	0.458164213	0.269903129	0.432243486	0.451916197	0.503644515	0.5060231	0.483599907	0.410573115	0.425668054	0.38827286	0.47067383	0.470264644	0.482074031	0.478894477	0.328380057	0.187612102	0	0.332896483	0.147494338	0.255492428	0.472748679	0.459654914	0.247029811	0.219234573	0.410127294	0.349748124	0.296086769	0.469157651	0.291955711	0.360201431	0.379166979	0.310088803	0.474924486	0.233355164	0.509717397	0.475092717	0.257930572	0.255914024	0.383526765	0.187331219	0.501930941	0.480462906	0.49624154	0.434262661	0.44506223	0.526104327	0.308993104
X63_d0	0.411667952	0.430771762	0.379412254	0.343159627	0.339540343	0.388255673	0.308907498	0.277250379	0.289099817	0.43402718	0.412994282	0.464616122	0.339137104	0.294949058	0.29039216	0.313811508	0.366074894	0.3662251	0.37543169	0.30991221	0.315632225	0.332896483	0	0.326899783	0.229998786	0.309505456	0.29835309	0.27611062	0.237605328	0.280200249	0.312314891	0.278026563	0.379791379	0.258218217	0.146702844	0.354510816	0.274299921	0.38512283	0.387696583	0.449902196	0.410723981	0.360579171	0.230854176	0.308458413	0.243330093	0.42737844	0.325281854	0.336973901	0.314959677	0.360442953	0.473021186	0.319991675
X64_d0	0.45895718	0.497794234	0.472790685	0.485781568	0.323203541	0.446932518	0.304463542	0.402155702	0.434485462	0.472244049	0.490892324	0.454486174	0.391236746	0.407331042	0.365956998	0.455659295	0.456099323	0.469127027	0.461929196	0.320843075	0.223799063	0.147494338	0.326899783	0	0.234176796	0.453265453	0.440056476	0.278865723	0.195903191	0.394248888	0.333896559	0.297909404	0.457233283	0.276736492	0.345713865	0.35638707	0.280678319	0.449858798	0.27259243	0.48918937	0.462165757	0.293349301	0.250229837	0.374157305	0.206123928	0.474612084	0.463064652	0.479387829	0.419431394	0.417705705	0.506138785	0.305139972
X65_d0	0.41711048	0.430670384	0.369830213	0.322641756	0.282526425	0.387267805	0.221209133	0.265671366	0.286751311	0.4424477	0.410293969	0.451816745	0.358871369	0.269954363	0.303251078	0.275598294	0.367588647	0.359377151	0.379921519	0.291664779	0.204844175	0.255492428	0.229998786	0.234176796	0	0.272581968	0.261077862	0.209869386	0.161681674	0.251398749	0.30273705	0.280247471	0.385560826	0.219247501	0.215681108	0.332933132	0.26302586	0.385615175	0.322601179	0.445046054	0.407156314	0.313330929	0.167378878	0.311838286	0.208652978	0.436504003	0.318313166	0.29621946	0.329078021	0.380288601	0.46242856	0.306158422
X66_d0	0.283113011	0.277073921	0.213861357	0.140946874	0.31329543	0.301648605	0.314226612	0.163951354	0.14065681	0.299039025	0.259275495	0.388989572	0.334096426	0.210574348	0.240260535	0.108267848	0.23903374	0.283118109	0.24871157	0.365904768	0.376525143	0.472748679	0.309505456	0.453265453	0.272581968	0	0.043075151	0.307327202	0.323963357	0.194584904	0.278745764	0.313626321	0.255543834	0.275487175	0.236043782	0.373186814	0.315570273	0.241808513	0.456538152	0.377564144	0.300776393	0.37442767	0.305230934	0.276440671	0.374375219	0.301766797	0.158726647	0.086479684	0.239920981	0.274472138	0.377794535	0.422484708
X67_d0	0.296447864	0.291095393	0.218615109	0.168400805	0.33874356	0.319364379	0.306132953	0.176606119	0.133830085	0.318183014	0.258272151	0.386150658	0.351615777	0.203299347	0.244636097	0.106515242	0.247647024	0.298633149	0.258954516	0.376402542	0.36269152	0.459654914	0.29835309	0.440056476	0.261077862	0.043075151	0	0.296106285	0.325453423	0.193753992	0.293427511	0.327942201	0.26742678	0.28828792	0.231230752	0.388785007	0.33002638	0.251232247	0.454192773	0.392433455	0.299623033	0.392238591	0.307322923	0.286671595	0.360835463	0.32271243	0.178672071	0.087652963	0.258167755	0.291493707	0.395419697	0.4093266
X68_d0	0.441590307	0.45935686	0.38261862	0.357362501	0.159293292	0.417370543	0.081960193	0.300067601	0.291781033	0.463846006	0.414368541	0.474772823	0.364315773	0.277070587	0.301376928	0.310183141	0.392087288	0.382179673	0.400762699	0.280998158	0.148961674	0.247029811	0.27611062	0.278865723	0.209869386	0.307327202	0.296106285	0	0.16732157	0.321872823	0.334539466	0.326010566	0.402015736	0.194266682	0.217457236	0.312388904	0.282507638	0.428822305	0.194679371	0.461922857	0.422945645	0.166468552	0.249531423	0.34546455	0.187538901	0.456190239	0.345879744	0.340871686	0.32843642	0.390440211	0.48227261	0.243455885
X69_d0	0.381676625	0.417201069	0.368218287	0.358541334	0.189962825	0.37375508	0.204019217	0.268500036	0.319377984	0.400356051	0.409635628	0.419261247	0.303266375	0.306969108	0.288910182	0.339272228	0.34977913	0.35891244	0.357237769	0.254535248	0.183114661	0.219234573	0.237605328	0.195903191	0.161681674	0.323963357	0.325453423	0.16732157	0	0.296104884	0.274774904	0.243309813	0.372597915	0.174023595	0.237852249	0.260816972	0.200579584	0.375612406	0.23527353	0.432773106	0.411137765	0.224001686	0.173820121	0.291325198	0.13376338	0.399606333	0.325570504	0.367655275	0.304959422	0.33473251	0.445843021	0.237487542
X70_d0	0.302450275	0.304770665	0.212258117	0.225421921	0.329740998	0.326414535	0.325470336	0.213523786	0.141139635	0.298277179	0.200112459	0.393959555	0.341265568	0.266036944	0.275804666	0.229305758	0.233683609	0.337898984	0.241034415	0.37076496	0.357439119	0.410127294	0.280200249	0.394248888	0.251398749	0.194584904	0.193753992	0.321872823	0.296104884	0	0.23210991	0.248732518	0.253235223	0.299807318	0.252697791	0.375406081	0.309832584	0.256659865	0.44892058	0.433273311	0.21860636	0.379787992	0.228007912	0.221340645	0.314256483	0.229842312	0.188767496	0.129824161	0.277773091	0.304047289	0.428292414	0.404153734
X71_d0	0.265539692	0.291800662	0.215733002	0.330008555	0.310286007	0.307702753	0.341034729	0.280230026	0.252670754	0.241730131	0.274170195	0.327258	0.259183221	0.301338306	0.274679535	0.349454788	0.237353366	0.347291773	0.23319748	0.273727035	0.342666843	0.349748124	0.312314891	0.333896559	0.30273705	0.278745764	0.293427511	0.334539466	0.274774904	0.23210991	0	0.148715795	0.23905594	0.239401546	0.284574363	0.269855109	0.226856472	0.247860703	0.363444147	0.380233219	0.244225731	0.291195899	0.260767287	0.154519396	0.28145045	0.241863837	0.266032955	0.308171822	0.278871096	0.267378719	0.382869494	0.325048713
X72_d0	0.255145788	0.290308794	0.309682786	0.304064669	0.255966678	0.273889008	0.336719055	0.285180987	0.31110335	0.271206871	0.3577337	0.341388621	0.212808326	0.317401886	0.2853061	0.370808274	0.251192427	0.336446887	0.2492919	0.21358802	0.329567527	0.296086769	0.278026563	0.297909404	0.280247471	0.313626321	0.327942201	0.326010566	0.243309813	0.248732518	0.148715795	0	0.241617563	0.22492366	0.296009158	0.225743457	0.184212622	0.25888053	0.360563802	0.351654927	0.314430891	0.237392841	0.187856646	0.181484799	0.227620957	0.270517447	0.259355719	0.347565237	0.267034505	0.24530982	0.345080639	0.310811071
X73_d0	0.136488886	0.131928264	0.236103087	0.179257458	0.291067033	0.188107289	0.405191446	0.23924355	0.254525712	0.197038479	0.283932289	0.355432918	0.242888699	0.338319456	0.273444203	0.315185998	0.083797308	0.252015522	0.077766621	0.288933959	0.422896122	0.469157651	0.379791379	0.457233283	0.385560826	0.255543834	0.26742678	0.402015736	0.372597915	0.253235223	0.23905594	0.241617563	0	0.306668617	0.314033911	0.257797263	0.247170186	0.132035891	0.42088482	0.301342625	0.29076437	0.329013014	0.363648351	0.141407804	0.371410995	0.191802516	0.118193848	0.261592131	0.203030775	0.150505187	0.29352339	0.392326805
X74_d0	0.346156885	0.358997519	0.322261912	0.306010284	0.202083119	0.309361895	0.223269575	0.245066097	0.281286903	0.355599477	0.360900067	0.407911765	0.272178364	0.270220229	0.246383923	0.29616792	0.291810424	0.306421323	0.303891577	0.217360332	0.23466951	0.291955711	0.258218217	0.276736492	0.219247501	0.275487175	0.28828792	0.194266682	0.174023595	0.299807318	0.239401546	0.22492366	0.306668617	0	0.192704088	0.22089364	0.142389723	0.332926662	0.274020146	0.378096197	0.349975469	0.21471318	0.216980381	0.248403963	0.205391979	0.351601425	0.27448783	0.327489069	0.245019837	0.29314753	0.400820369	0.246327648
X75_d0	0.362188864	0.38267995	0.320878894	0.269313501	0.296674778	0.333151256	0.245496909	0.208161709	0.219888343	0.384395212	0.355932657	0.412884269	0.283299877	0.228129825	0.219935153	0.245115417	0.310783543	0.312187336	0.321765103	0.253122808	0.285077035	0.360201431	0.146702844	0.345713865	0.215681108	0.236043782	0.231230752	0.217457236	0.237852249	0.252697791	0.284574363	0.296009158	0.314033911	0.192704088	0	0.30572459	0.229865175	0.351842482	0.340388796	0.39712952	0.356575344	0.298345757	0.250916662	0.26108845	0.241864684	0.376115326	0.268918271	0.267607435	0.238812839	0.307467987	0.417669918	0.274570852
X76_d0	0.234133169	0.292575945	0.392484161	0.291842018	0.206109938	0.262647218	0.329166007	0.25662136	0.362637013	0.234344615	0.42833741	0.39531874	0.211288225	0.376961702	0.324173727	0.392788794	0.246788147	0.280179449	0.244015817	0.201398012	0.358601855	0.379166979	0.354510816	0.35638707	0.332933132	0.373186814	0.388785007	0.312388904	0.260816972	0.375406081	0.269855109	0.225743457	0.257797263	0.22089364	0.30572459	0	0.168212488	0.279688421	0.352813732	0.307110507	0.410423282	0.246657138	0.304416279	0.26478768	0.289672518	0.301740852	0.298532641	0.419697305	0.280652982	0.229739747	0.315110178	0.30179833
X77_d0	0.268144608	0.304691417	0.350549737	0.29060493	0.213479194	0.273109651	0.299705772	0.233333261	0.31990869	0.28725017	0.377879279	0.379617506	0.200093682	0.324903244	0.268083584	0.340298294	0.249541257	0.302213549	0.25366161	0.208787329	0.287850255	0.310088803	0.274299921	0.280678319	0.26302586	0.315570273	0.33002638	0.282507638	0.200579584	0.309832584	0.226856472	0.184212622	0.247170186	0.142389723	0.229865175	0.168212488	0	0.290070391	0.285717099	0.349569876	0.36048512	0.21342509	0.252007991	0.187856513	0.238005457	0.294894675	0.253796043	0.361866842	0.233924224	0.214799072	0.350041294	0.271121958
X78_d0	0.147275714	0.14302324	0.23712179	0.177988117	0.33237402	0.213744352	0.455343226	0.254753786	0.229991554	0.185029797	0.267079048	0.361289684	0.302191334	0.357197582	0.308923652	0.305420466	0.116899343	0.257874341	0.111233035	0.330337673	0.454262544	0.474924486	0.38512283	0.449858798	0.385615175	0.241808513	0.251232247	0.428822305	0.375612406	0.256659865	0.247860703	0.25888053	0.132035891	0.332926662	0.351842482	0.279688421	0.290070391	0	0.48810927	0.295215091	0.285170769	0.37436984	0.382273673	0.219095141	0.406641067	0.195026631	0.13640469	0.249207301	0.271925423	0.208219161	0.300336402	0.454128932
X79_d0	0.468604756	0.486741801	0.472739054	0.475526105	0.232659605	0.446700924	0.187797837	0.415434952	0.456444882	0.480038426	0.502777303	0.474516848	0.389972377	0.42343646	0.365292987	0.470009539	0.440967609	0.481146943	0.448846017	0.314797592	0.226701746	0.233355164	0.387696583	0.27259243	0.322601179	0.456538152	0.454192773	0.194679371	0.23527353	0.44892058	0.363444147	0.360563802	0.42088482	0.274020146	0.340388796	0.352813732	0.285717099	0.48810927	0	0.513820278	0.475137793	0.202822294	0.331432591	0.359449108	0.237249027	0.472936831	0.457216098	0.491855837	0.395069639	0.39424175	0.519952799	0.264200317
X8_d0	0.281423965	0.319141734	0.397483602	0.302160141	0.359197572	0.307767391	0.472328828	0.314080078	0.382809245	0.368080361	0.446768481	0.223589264	0.267436134	0.378927184	0.341837179	0.39946832	0.285786455	0.136550443	0.289041784	0.327776053	0.481636161	0.509717397	0.449902196	0.48918937	0.445046054	0.377564144	0.392433455	0.461922857	0.432773106	0.433273311	0.380233219	0.351654927	0.301342625	0.378096197	0.39712952	0.307110507	0.349569876	0.295215091	0.513820278	0	0.439386903	0.396318771	0.429483464	0.347849106	0.442420743	0.375973841	0.327952267	0.429226516	0.319425048	0.298795059	0.084478843	0.466250265
X80_d0	0.341713599	0.325931579	0.201941805	0.325737116	0.404261015	0.355565659	0.435200981	0.312752043	0.211017762	0.251815589	0.125364489	0.30982308	0.310437588	0.257526236	0.247564461	0.330692966	0.293997959	0.380337351	0.286158164	0.34088758	0.440856706	0.475092717	0.410723981	0.462165757	0.407156314	0.300776393	0.299623033	0.422945645	0.411137765	0.21860636	0.244225731	0.314430891	0.29076437	0.349975469	0.356575344	0.410423282	0.36048512	0.285170769	0.475137793	0.439386903	0	0.395745135	0.320008145	0.281734821	0.394447109	0.155433028	0.266213408	0.229923764	0.311082346	0.336299995	0.431714535	0.419377002
X81_d0	0.368597354	0.37950223	0.397033439	0.355201346	0.157605701	0.327644323	0.176758018	0.31608676	0.364618435	0.371092716	0.430111644	0.420919366	0.275295443	0.35113298	0.301455435	0.393671258	0.332673628	0.365044476	0.332084985	0.218730505	0.209645892	0.257930572	0.360579171	0.293349301	0.313330929	0.37442767	0.392238591	0.166468552	0.224001686	0.379787992	0.291195899	0.237392841	0.329013014	0.21471318	0.298345757	0.246657138	0.21342509	0.37436984	0.202822294	0.396318771	0.395745135	0	0.268137663	0.277006577	0.220300708	0.370244243	0.341495487	0.420871312	0.280673567	0.313389483	0.405433187	0.26417019
X82_d0	0.396503889	0.406886217	0.328639722	0.322199836	0.259177733	0.345814664	0.263012797	0.283289742	0.276931574	0.394849973	0.368457591	0.390934107	0.294863883	0.252132358	0.243023316	0.305709836	0.347810228	0.351708221	0.356655128	0.250465424	0.254075202	0.255914024	0.230854176	0.250229837	0.167378878	0.305230934	0.307322923	0.249531423	0.173820121	0.228007912	0.260767287	0.187856646	0.363648351	0.216980381	0.250916662	0.304416279	0.252007991	0.382273673	0.331432591	0.429483464	0.320008145	0.268137663	0	0.289495817	0.165270732	0.383595881	0.302703869	0.320038222	0.295054195	0.352620954	0.437863555	0.287765119
X83_d0	0.227753577	0.233083291	0.245326333	0.275610067	0.294332638	0.27909834	0.351450215	0.257363691	0.252518312	0.230903388	0.287594681	0.326716277	0.226683882	0.329330966	0.255655407	0.326857132	0.179441305	0.296938387	0.177675431	0.275260021	0.344934283	0.383526765	0.308458413	0.374157305	0.311838286	0.276440671	0.286671595	0.34546455	0.291325198	0.221340645	0.154519396	0.181484799	0.141407804	0.248403963	0.26108845	0.26478768	0.187856513	0.219095141	0.359449108	0.347849106	0.281734821	0.277006577	0.289495817	0	0.278636708	0.243956514	0.189874814	0.285171009	0.189918041	0.183141587	0.335922637	0.330878365
X84_d0	0.420922454	0.439067849	0.385625057	0.395806996	0.244977223	0.391295172	0.214245455	0.326586535	0.335793458	0.434534413	0.407490117	0.437056208	0.329130662	0.322906355	0.256449987	0.36979297	0.373918041	0.388043755	0.381773196	0.247774975	0.193961117	0.187331219	0.243330093	0.206123928	0.208652978	0.374375219	0.360835463	0.187538901	0.13376338	0.314256483	0.28145045	0.227620957	0.371410995	0.205391979	0.241864684	0.289672518	0.238005457	0.406641067	0.237249027	0.442420743	0.394447109	0.220300708	0.165270732	0.278636708	0	0.432619078	0.371163309	0.400878917	0.296448753	0.357065109	0.460413582	0.206849458
X85_d0	0.204481939	0.234060911	0.215580902	0.25410513	0.32435591	0.274798459	0.461495574	0.269704966	0.246856681	0.159591573	0.14633929	0.374717262	0.275353801	0.389891271	0.32631255	0.356667576	0.191612698	0.341947064	0.178740618	0.340812047	0.474501142	0.501930941	0.42737844	0.474612084	0.436504003	0.301766797	0.32271243	0.456190239	0.399606333	0.229842312	0.241863837	0.270517447	0.191802516	0.351601425	0.376115326	0.301740852	0.294894675	0.195026631	0.472936831	0.375973841	0.155433028	0.370244243	0.383595881	0.243956514	0.432619078	0	0.195968916	0.258860535	0.292436585	0.203023771	0.357564234	0.4470449
X86_d0	0.182712535	0.161449909	0.19994461	0.12706097	0.253744383	0.232794855	0.36942906	0.180959979	0.159956613	0.206169992	0.241959751	0.362566989	0.267952796	0.27832706	0.247242669	0.220480128	0.120267505	0.227952298	0.126136457	0.318185399	0.389476771	0.480462906	0.325281854	0.463064652	0.318313166	0.158726647	0.178672071	0.345879744	0.325570504	0.188767496	0.266032955	0.259355719	0.118193848	0.27448783	0.268918271	0.298532641	0.253796043	0.13640469	0.457216098	0.327952267	0.266213408	0.341495487	0.302703869	0.189874814	0.371163309	0.195968916	0	0.157635104	0.202717065	0.193706213	0.316352159	0.422035351
X87_d0	0.305089934	0.293632954	0.200271433	0.18652737	0.364435129	0.352040548	0.344400486	0.2113579	0.110590829	0.308635111	0.190389974	0.3926799	0.380093201	0.257479221	0.261606832	0.132791542	0.25180607	0.33435184	0.25809157	0.414468673	0.406636636	0.49624154	0.336973901	0.479387829	0.29621946	0.086479684	0.087652963	0.340871686	0.367655275	0.129824161	0.308171822	0.347565237	0.261592131	0.327489069	0.267607435	0.419697305	0.361866842	0.249207301	0.491855837	0.429226516	0.229923764	0.420871312	0.320038222	0.285171009	0.400878917	0.258860535	0.157635104	0	0.286896966	0.314306552	0.421408359	0.446948344
X88_d0	0.277770532	0.27828816	0.264829539	0.229249276	0.281909586	0.267645202	0.342377629	0.19069722	0.218103629	0.280390641	0.311296261	0.37831294	0.241779947	0.257741156	0.145989002	0.262897005	0.225925247	0.245290459	0.224731829	0.270847967	0.365403479	0.434262661	0.314959677	0.419431394	0.329078021	0.239920981	0.258167755	0.32843642	0.304959422	0.277773091	0.278871096	0.267034505	0.203030775	0.245019837	0.238812839	0.280652982	0.233924224	0.271925423	0.395069639	0.319425048	0.311082346	0.280673567	0.295054195	0.189918041	0.296448753	0.292436585	0.202717065	0.286896966	0	0.142425491	0.333619323	0.329683084
X89_d0	0.178039394	0.217999748	0.285331297	0.221495452	0.281032454	0.233931089	0.392467712	0.208402234	0.281288035	0.215965544	0.325345462	0.346222154	0.206636035	0.325701561	0.252403642	0.30963603	0.182226578	0.269408539	0.170991831	0.278903003	0.41484444	0.44506223	0.360442953	0.417705705	0.380288601	0.274472138	0.291493707	0.390440211	0.33473251	0.304047289	0.267378719	0.24530982	0.150505187	0.29314753	0.307467987	0.229739747	0.214799072	0.208219161	0.39424175	0.298795059	0.336299995	0.313389483	0.352620954	0.183141587	0.357065109	0.203023771	0.193706213	0.314306552	0.142425491	0	0.292282647	0.354447878
X9_d0	0.291819838	0.319231137	0.396603537	0.300867293	0.371578768	0.330116818	0.493307384	0.339338565	0.3812036	0.347923417	0.435746195	0.200461752	0.267733951	0.40867984	0.365882542	0.415844192	0.288406321	0.189543819	0.288553577	0.354952979	0.492230139	0.526104327	0.473021186	0.506138785	0.46242856	0.377794535	0.395419697	0.48227261	0.445843021	0.428292414	0.382869494	0.345080639	0.29352339	0.400820369	0.417669918	0.315110178	0.350041294	0.300336402	0.519952799	0.084478843	0.431714535	0.405433187	0.437863555	0.335922637	0.460413582	0.357564234	0.316352159	0.421408359	0.333619323	0.292282647	0	0.486568241
X90_d0	0.44009305	0.459029124	0.428693783	0.428396543	0.274589837	0.401207836	0.241290626	0.36029602	0.38331538	0.445899397	0.456177294	0.448558538	0.328206564	0.347125799	0.286610524	0.414109188	0.410452459	0.428427243	0.408987159	0.248698847	0.295330215	0.308993104	0.319991675	0.305139972	0.306158422	0.422484708	0.4093266	0.243455885	0.237487542	0.404153734	0.325048713	0.310811071	0.392326805	0.246327648	0.274570852	0.30179833	0.271121958	0.454128932	0.264200317	0.466250265	0.419377002	0.26417019	0.287765119	0.330878365	0.206849458	0.4470449	0.422035351	0.446948344	0.329683084	0.354447878	0.486568241	0