	10_d28	11_d28	12_d28	13_d28	14_d28	15_d28	16_d28	17_d28	18_d28	19_d28	2_d28	20_d28	21_d28	22_d28	23_d28	24_d28	25_d28	26_d28	28_d28	29_d28	3_d28	30_d28	4_d28	5_d28	6_d28	61_d28	62_d28	64_d28	65_d28	66_d28	67_d28	68_d28	69_d28	7_d28	70_d28	71_d28	72_d28	73_d28	74_d28	75_d28	76_d28	77_d28	78_d28	79_d28	8_d28	80_d28	81_d28	82_d28	84_d28	85_d28	86_d28	88_d28	89_d28	9_d28	90_d28
X10_d28	0	0.261808037	0.15287147	0.147482787	0.27909023	0.195426275	0.246813952	0.186367466	0.22527442	0.211766861	0.120387938	0.237245748	0.114427578	0.185081986	0.138098907	0.192320151	0.158473483	0.281564844	0.259975416	0.155481852	0.152775931	0.183746868	0.165205832	0.257244122	0.188292138	0.236943068	0.144301791	0.262518171	0.175644309	0.238283177	0.180299511	0.343844708	0.289095228	0.122114764	0.286514857	0.283603278	0.28704433	0.259730924	0.247157979	0.220165665	0.265830266	0.197367137	0.242214674	0.327908749	0.222971174	0.281376643	0.292679971	0.297964252	0.2188373	0.230508176	0.224998488	0.163567158	0.174589458	0.160013622	0.20799235
X11_d28	0.261808037	0	0.261900786	0.310936684	0.457755743	0.265592854	0.397447542	0.208659977	0.261615802	0.386957383	0.232312333	0.258445682	0.28190823	0.359023715	0.310222362	0.153253852	0.207219834	0.228601158	0.207651929	0.315056957	0.333501493	0.367872498	0.322766949	0.287290026	0.263822947	0.410075005	0.320431627	0.427392108	0.358050763	0.256061471	0.298661771	0.24918381	0.473737605	0.310233776	0.324061993	0.318041607	0.332183585	0.386918147	0.191371434	0.339933737	0.276391272	0.388680947	0.323960746	0.363558961	0.170211974	0.448772097	0.298674525	0.317647957	0.391116624	0.395088702	0.282919029	0.31860025	0.351904	0.288902674	0.404143505
X12_d28	0.15287147	0.261900786	0	0.133614748	0.293215665	0.184569983	0.254652417	0.186831158	0.143046092	0.236397746	0.129827497	0.225960628	0.122942604	0.229237074	0.158713136	0.197525025	0.155465272	0.225103638	0.25766119	0.172913277	0.157648726	0.237657786	0.224236657	0.288600583	0.205962454	0.28342735	0.187151783	0.295877569	0.235530965	0.205371421	0.213796964	0.339379722	0.353585997	0.127641349	0.312352546	0.287010431	0.308966565	0.30305271	0.247462861	0.260080745	0.259884568	0.263772704	0.258152149	0.348936919	0.153569779	0.353179178	0.313485195	0.29510665	0.249007779	0.287879762	0.239973213	0.177650041	0.228286407	0.181806242	0.275317507
X13_d28	0.147482787	0.310936684	0.133614748	0	0.228704942	0.213058033	0.203894267	0.237806099	0.212985558	0.15664827	0.1731097	0.264935332	0.144694373	0.164737666	0.121304866	0.246894917	0.206366292	0.272991042	0.271117602	0.11163071	0.172269243	0.165098529	0.209584356	0.331564977	0.246900839	0.202069121	0.156441299	0.245666288	0.191449243	0.254498036	0.228170495	0.384711899	0.288926211	0.153418332	0.335200877	0.311890931	0.345174756	0.305903777	0.279048742	0.277553542	0.280797378	0.196695895	0.268608479	0.383142092	0.237356703	0.278427046	0.324708321	0.331914247	0.193128927	0.26561765	0.256576706	0.147222794	0.168281569	0.197546843	0.222760176
X14_d28	0.27909023	0.457755743	0.293215665	0.228704942	0	0.385221552	0.156805005	0.387531175	0.37890219	0.134629478	0.299893805	0.4354249	0.299817455	0.210548458	0.228690029	0.392775903	0.355749831	0.447248668	0.44453612	0.208842593	0.304505397	0.230613189	0.322602039	0.433316782	0.384100522	0.268915001	0.310342957	0.309661052	0.285479264	0.425374362	0.349126511	0.542860485	0.265577014	0.292107398	0.435478296	0.4399155	0.458772049	0.413180331	0.436086661	0.362729269	0.451989391	0.287402136	0.40002792	0.498149465	0.397407489	0.364507954	0.449821374	0.480804604	0.274902744	0.371641983	0.380767035	0.281042955	0.208302423	0.304703005	0.307215026
X15_d28	0.195426275	0.265592854	0.184569983	0.213058033	0.385221552	0	0.341732959	0.154691952	0.128208215	0.307128447	0.175769588	0.141745747	0.16306457	0.242791904	0.247966566	0.167298877	0.127748368	0.195000219	0.151457667	0.226720825	0.234723364	0.265347009	0.232078987	0.251707925	0.184268361	0.289420942	0.217024735	0.320258219	0.245536833	0.120271585	0.190326322	0.272422348	0.346641935	0.20001549	0.286088257	0.303644525	0.295689011	0.256432284	0.186388401	0.270738617	0.182748519	0.278827971	0.240187944	0.304136686	0.187358631	0.327116922	0.256353634	0.226168662	0.276856095	0.287457277	0.225447495	0.217888264	0.280281329	0.210501706	0.284070854
X16_d28	0.246813952	0.397447542	0.254652417	0.203894267	0.156805005	0.341732959	0	0.342581572	0.336079224	0.114397797	0.268764663	0.40236884	0.267580436	0.160281294	0.208098338	0.337727076	0.315790678	0.406835645	0.403103704	0.175730179	0.273709583	0.201320189	0.288289413	0.392330309	0.343926369	0.188711234	0.266911004	0.271106111	0.259439958	0.374982159	0.308278878	0.494613218	0.269703041	0.255501184	0.418126641	0.416759805	0.435407458	0.393640179	0.399470253	0.336196315	0.405797315	0.273960444	0.368496537	0.476729449	0.348028843	0.294902849	0.412856363	0.444122132	0.220663136	0.355695759	0.342965499	0.253230638	0.20699279	0.291098814	0.288358001
X17_d28	0.186367466	0.208659977	0.186831158	0.237806099	0.387531175	0.154691952	0.342581572	0	0.184017885	0.32789168	0.161884628	0.135469921	0.148837774	0.280534823	0.231646456	0.112514791	0.153776719	0.207563306	0.204792218	0.253963387	0.230560673	0.265713731	0.223248176	0.218819047	0.165338232	0.301892623	0.222570392	0.325049679	0.240307169	0.186286986	0.187598643	0.209070722	0.364250841	0.213893123	0.237726535	0.241779377	0.236230363	0.270652059	0.158489027	0.238199058	0.170432212	0.278198659	0.199307663	0.278723988	0.168088791	0.348731378	0.221155395	0.219777635	0.289085667	0.283142535	0.181620812	0.21621964	0.244497124	0.156954761	0.281765354
X18_d28	0.22527442	0.261615802	0.143046092	0.212985558	0.37890219	0.128208215	0.336079224	0.184017885	0	0.309122122	0.185678405	0.1713043	0.186605237	0.289740723	0.240035791	0.181780912	0.159070097	0.175007733	0.195520589	0.222426925	0.245006263	0.289148935	0.28625575	0.26328861	0.240187065	0.337989756	0.266212454	0.364541038	0.293517985	0.130593054	0.25597693	0.298120996	0.397912623	0.195273043	0.336717652	0.341084455	0.32480163	0.331800177	0.220269824	0.312359279	0.223262423	0.30339263	0.29315897	0.34247386	0.152758793	0.402336026	0.311227931	0.284293336	0.309165465	0.330961342	0.282250521	0.255593348	0.300015029	0.235124495	0.310167755
X19_d28	0.211766861	0.386957383	0.236397746	0.15664827	0.134629478	0.307128447	0.114397797	0.32789168	0.309122122	0	0.234808757	0.373369086	0.239898245	0.158093143	0.172894431	0.327632305	0.278933679	0.378524288	0.375000192	0.136133414	0.231328385	0.150169165	0.258963909	0.368591639	0.316991173	0.210197998	0.217640487	0.260500025	0.231100629	0.357074688	0.284315935	0.477741184	0.223382007	0.227051165	0.3895848	0.38767754	0.408059842	0.359575509	0.376890582	0.308596	0.376890621	0.225181664	0.334511861	0.445218243	0.340702443	0.30576443	0.382345002	0.418073885	0.203603577	0.316730453	0.315295694	0.228513877	0.175628572	0.266376697	0.241687744
X2_d28	0.120387938	0.232312333	0.129827497	0.1731097	0.299893805	0.175769588	0.268764663	0.161884628	0.185678405	0.234808757	0	0.225361516	0.117292561	0.196116039	0.15199187	0.153875784	0.137356551	0.241978067	0.25611691	0.18341418	0.174071112	0.221348267	0.170172326	0.246630073	0.17051269	0.268956074	0.176465726	0.28343588	0.201140497	0.220055138	0.171465809	0.314430018	0.315848583	0.156243803	0.260441154	0.258687499	0.25144934	0.269745083	0.228515047	0.201541274	0.256508848	0.220767622	0.210878509	0.298772477	0.172591561	0.312690857	0.259318605	0.284403436	0.237418793	0.244083457	0.202534365	0.164795138	0.178517415	0.148405445	0.237956974
X20_d28	0.237245748	0.258445682	0.225960628	0.264935332	0.4354249	0.141745747	0.40236884	0.135469921	0.1713043	0.373369086	0.225361516	0	0.186700036	0.323068456	0.272344872	0.159070649	0.173774973	0.172809257	0.172168665	0.301585103	0.244836615	0.303065234	0.268416587	0.248657185	0.191069167	0.319407407	0.2508917	0.329840416	0.273390907	0.152993907	0.216398443	0.212328408	0.391290285	0.235206036	0.294634508	0.299724204	0.299249834	0.271500346	0.145421194	0.302123276	0.136545383	0.306286767	0.25570202	0.262811071	0.179078617	0.360010179	0.274598148	0.208688037	0.308672993	0.305912133	0.238377691	0.253460214	0.320180405	0.224161172	0.319952494
X21_d28	0.114427578	0.28190823	0.122942604	0.144694373	0.299817455	0.16306457	0.267580436	0.148837774	0.186605237	0.239898245	0.117292561	0.186700036	0	0.203709316	0.156774536	0.180202975	0.156154087	0.235166389	0.25365423	0.169663172	0.164699116	0.202207418	0.173424206	0.268211819	0.179682711	0.221229744	0.147494447	0.244483461	0.171617121	0.2093104	0.17079185	0.309910394	0.300311907	0.115502868	0.276004072	0.279989273	0.27576987	0.24705565	0.232770584	0.21657683	0.223219761	0.208695473	0.204272071	0.313433297	0.207035147	0.286335564	0.26905222	0.256238497	0.20900925	0.217606004	0.21140284	0.140555433	0.179801076	0.13413139	0.212621988
X22_d28	0.185081986	0.359023715	0.229237074	0.164737666	0.210548458	0.242791904	0.160281294	0.280534823	0.289740723	0.158093143	0.196116039	0.323068456	0.203709316	0	0.163556388	0.275720255	0.231232981	0.346641982	0.31117659	0.144513742	0.237136274	0.146474543	0.203050752	0.338528461	0.271747763	0.165991566	0.211337318	0.223359913	0.180293434	0.29498508	0.211137747	0.416937701	0.210782663	0.223371308	0.352294871	0.363997351	0.356515032	0.286564289	0.324872189	0.265278359	0.352267201	0.201070314	0.286258939	0.394254534	0.302667411	0.221342691	0.328395611	0.353643756	0.186978443	0.284119412	0.288752879	0.197275308	0.146073819	0.20275658	0.213379133
X23_d28	0.138098907	0.310222362	0.158713136	0.121304866	0.228690029	0.247966566	0.208098338	0.231646456	0.240035791	0.172894431	0.15199187	0.272344872	0.156774536	0.163556388	0	0.21871702	0.216486278	0.312347295	0.320612845	0.145156667	0.155913536	0.153129719	0.202802869	0.304271709	0.229633763	0.22403917	0.170126273	0.239432056	0.185340913	0.29429683	0.228619804	0.36977642	0.266686018	0.145385767	0.302573327	0.284097476	0.308536687	0.312769885	0.270733168	0.246677816	0.303660531	0.194144334	0.270376851	0.370756863	0.251311554	0.288998664	0.330513886	0.340889844	0.185697901	0.265795323	0.244099137	0.160284856	0.130002826	0.176496307	0.202388873
X24_d28	0.192320151	0.153253852	0.197525025	0.246894917	0.392775903	0.167298877	0.337727076	0.112514791	0.181780912	0.327632305	0.153875784	0.159070649	0.180202975	0.275720255	0.21871702	0	0.153098705	0.163410604	0.173291265	0.254257831	0.251150048	0.283803656	0.24150637	0.221059069	0.188089383	0.321394712	0.226884989	0.344938844	0.25495983	0.174854269	0.200930079	0.206294213	0.383653771	0.225593231	0.25966995	0.266250395	0.2513784	0.301738999	0.133777081	0.259925823	0.193471605	0.296069953	0.23972298	0.288277538	0.113187717	0.372939103	0.237952418	0.231382461	0.30732165	0.302714792	0.208502278	0.227621643	0.254311984	0.191790466	0.298119951
X25_d28	0.158473483	0.207219834	0.155465272	0.206366292	0.355749831	0.127748368	0.315790678	0.153776719	0.159070097	0.278933679	0.137356551	0.173774973	0.156154087	0.231232981	0.216486278	0.153098705	0	0.214459163	0.209156875	0.219656997	0.210938571	0.259721689	0.223632691	0.232929791	0.162617972	0.299985688	0.225129611	0.314443547	0.245060312	0.174282995	0.191431806	0.307713769	0.343639015	0.177977429	0.282542028	0.289414748	0.281034781	0.260685229	0.222564563	0.271608581	0.232141107	0.261768621	0.252245958	0.296256698	0.162738516	0.327908448	0.278710457	0.256033766	0.275728164	0.279828891	0.231263244	0.226835907	0.264270308	0.219871207	0.288201485
X26_d28	0.281564844	0.228601158	0.225103638	0.272991042	0.447248668	0.195000219	0.406835645	0.207563306	0.175007733	0.378524288	0.241978067	0.172809257	0.235166389	0.346641982	0.312347295	0.163410604	0.214459163	0	0.160664952	0.295387713	0.332603464	0.361453067	0.338749905	0.307514784	0.261802504	0.380704273	0.306497795	0.418480192	0.336907646	0.19064814	0.286820878	0.218292858	0.464913771	0.297154517	0.355205117	0.358400547	0.358616111	0.372405886	0.16765329	0.359183243	0.196429997	0.378749248	0.316871871	0.353463431	0.163344274	0.440728899	0.328346399	0.28849733	0.378017181	0.38544867	0.307587906	0.295440609	0.360273632	0.292288928	0.37095698
X28_d28	0.259975416	0.207651929	0.25766119	0.271117602	0.44453612	0.151457667	0.403103704	0.204792218	0.195520589	0.375000192	0.25611691	0.172168665	0.25365423	0.31117659	0.320612845	0.173291265	0.209156875	0.160664952	0	0.287894987	0.332669031	0.344985851	0.307878037	0.282806213	0.255595372	0.366185573	0.301432574	0.409240779	0.327160635	0.166987546	0.268500265	0.23207037	0.421015625	0.310420011	0.344427154	0.345028626	0.3439433	0.318300637	0.148419682	0.347674559	0.195281224	0.354936987	0.298887007	0.331718882	0.190002305	0.388826832	0.311066819	0.265547328	0.380040376	0.373710748	0.282674987	0.303054753	0.357301785	0.285010094	0.368653973
X29_d28	0.155481852	0.315056957	0.172913277	0.11163071	0.208842593	0.226720825	0.175730179	0.253963387	0.222426925	0.136133414	0.18341418	0.301585103	0.169663172	0.144513742	0.145156667	0.254257831	0.219656997	0.295387713	0.287894987	0	0.206355176	0.110220406	0.216813997	0.30796719	0.272065916	0.204496427	0.176664869	0.247366491	0.191126304	0.275328932	0.231260171	0.391223813	0.246421577	0.165790038	0.341241299	0.342586137	0.349153861	0.291056802	0.306310894	0.256138683	0.310712759	0.1916193	0.279210571	0.40247135	0.266639362	0.271865947	0.318213044	0.353834505	0.17922814	0.271751728	0.262244869	0.174223557	0.164236545	0.189162336	0.192718222
X3_d28	0.152775931	0.333501493	0.157648726	0.172269243	0.304505397	0.234723364	0.273709583	0.230560673	0.245006263	0.231328385	0.174071112	0.244836615	0.164699116	0.237136274	0.155913536	0.251150048	0.210938571	0.332603464	0.332669031	0.206355176	0	0.162285623	0.152101837	0.248154265	0.157107044	0.263263643	0.14104206	0.201754855	0.196535474	0.278038093	0.185560116	0.334557951	0.256757689	0.12329643	0.268820992	0.249026144	0.27233214	0.247562863	0.308876023	0.203350268	0.230305699	0.166350047	0.230789737	0.301738551	0.260267534	0.249075071	0.287446195	0.270584893	0.187780852	0.202974944	0.204519226	0.206038042	0.204132851	0.170747032	0.17887839
X30_d28	0.183746868	0.367872498	0.237657786	0.165098529	0.230613189	0.265347009	0.201320189	0.265713731	0.289148935	0.150169165	0.221348267	0.303065234	0.202207418	0.146474543	0.153129719	0.283803656	0.259721689	0.361453067	0.344985851	0.110220406	0.162285623	0	0.177248176	0.280205541	0.234455921	0.195553154	0.142393268	0.193008054	0.160448183	0.324424914	0.187399054	0.371153297	0.184956086	0.193401258	0.296500434	0.303698237	0.308967409	0.254346523	0.337411202	0.215037263	0.284279039	0.145620771	0.238672701	0.354656643	0.323448115	0.222060927	0.283798847	0.326821954	0.146671279	0.231229885	0.223105608	0.215850961	0.156514828	0.170659847	0.140789278
X4_d28	0.165205832	0.322766949	0.224236657	0.209584356	0.322602039	0.232078987	0.288289413	0.223248176	0.28625575	0.258963909	0.170172326	0.268416587	0.173424206	0.203050752	0.202802869	0.24150637	0.223632691	0.338749905	0.307878037	0.216813997	0.152101837	0.177248176	0	0.20914709	0.144277603	0.263634069	0.135247724	0.182717388	0.176752076	0.289331605	0.1196124	0.309307514	0.19220374	0.203026562	0.203214496	0.216632734	0.206336489	0.171378178	0.284605415	0.124986507	0.218701345	0.12963574	0.137016067	0.246949468	0.289838709	0.181405731	0.185438096	0.212823976	0.220401137	0.154021591	0.145213639	0.208134777	0.200360546	0.141085958	0.145162747
X5_d28	0.257244122	0.287290026	0.288600583	0.331564977	0.433316782	0.251707925	0.392330309	0.218819047	0.26328861	0.368591639	0.246630073	0.248657185	0.268211819	0.338528461	0.304271709	0.221059069	0.232929791	0.307514784	0.282806213	0.30796719	0.248154265	0.280205541	0.20914709	0	0.180899553	0.390874397	0.266883387	0.317995788	0.290783159	0.292780693	0.206144791	0.252535469	0.310923962	0.292414476	0.247293652	0.25504346	0.235579863	0.237148278	0.267560917	0.219913662	0.203877395	0.231758438	0.229145327	0.255389209	0.284704091	0.333125913	0.231062961	0.234722176	0.346604429	0.277004454	0.197906875	0.336069128	0.324702519	0.238234783	0.257206813
X6_d28	0.188292138	0.263822947	0.205962454	0.246900839	0.384100522	0.184268361	0.343926369	0.165338232	0.240187065	0.316991173	0.17051269	0.191069167	0.179682711	0.271747763	0.229633763	0.188089383	0.162617972	0.261802504	0.255595372	0.272065916	0.157107044	0.234455921	0.144277603	0.180899553	0	0.306503475	0.171202849	0.242549433	0.222118524	0.225839746	0.124921239	0.247133507	0.295766685	0.21003528	0.186695591	0.199587973	0.209502853	0.20495995	0.223883268	0.200344682	0.164438513	0.214682606	0.167488694	0.211427647	0.212203924	0.26284465	0.192594645	0.17289295	0.258452123	0.224677431	0.138127085	0.223037499	0.252181749	0.185636447	0.234509341
X61_d28	0.236943068	0.410075005	0.28342735	0.202069121	0.268915001	0.289420942	0.188711234	0.301892623	0.337989756	0.210197998	0.268956074	0.319407407	0.221229744	0.165991566	0.22403917	0.321394712	0.299985688	0.380704273	0.366185573	0.204496427	0.263263643	0.195553154	0.263634069	0.390874397	0.306503475	0	0.225906704	0.205319428	0.210033761	0.335104587	0.247354413	0.431544931	0.257324428	0.237991656	0.36784888	0.384805555	0.395900582	0.31080058	0.345645051	0.308385981	0.33001142	0.242378214	0.298576075	0.396170193	0.35069824	0.199327139	0.351600668	0.359828291	0.182851656	0.286696935	0.292122049	0.207117284	0.191520787	0.259254834	0.243088008
X62_d28	0.144301791	0.320431627	0.187151783	0.156441299	0.310342957	0.217024735	0.266911004	0.222570392	0.266212454	0.217640487	0.176465726	0.2508917	0.147494447	0.211337318	0.170126273	0.226884989	0.225129611	0.306497795	0.301432574	0.176664869	0.14104206	0.142393268	0.135247724	0.266883387	0.171202849	0.225906704	0	0.19756153	0.154943681	0.27353467	0.136828653	0.325376158	0.24489266	0.165336641	0.243748482	0.242810845	0.261417858	0.222258284	0.270018629	0.183268202	0.215904813	0.174009897	0.178093007	0.300971983	0.259886663	0.232437024	0.225678236	0.250518589	0.168546498	0.1980169	0.161168783	0.170510627	0.194784776	0.149272675	0.166490811
X64_d28	0.262518171	0.427392108	0.295877569	0.245666288	0.309661052	0.320258219	0.271106111	0.325049679	0.364541038	0.260500025	0.28343588	0.329840416	0.244483461	0.223359913	0.239432056	0.344938844	0.314443547	0.418480192	0.409240779	0.247366491	0.201754855	0.193008054	0.182717388	0.317995788	0.242549433	0.205319428	0.19756153	0	0.19333429	0.348191354	0.213173884	0.412088906	0.198152641	0.241149519	0.281174535	0.310214635	0.317128115	0.231154547	0.394790854	0.201134921	0.279154383	0.154554013	0.238220704	0.294095418	0.364161151	0.156604097	0.285588641	0.285470763	0.143856782	0.183175964	0.225280735	0.211512982	0.212493328	0.251433853	0.176237451
X65_d28	0.175644309	0.358050763	0.235530965	0.191449243	0.285479264	0.245536833	0.259439958	0.240307169	0.293517985	0.231100629	0.201140497	0.273390907	0.171617121	0.180293434	0.185340913	0.25495983	0.245060312	0.336907646	0.327160635	0.191126304	0.196535474	0.160448183	0.176752076	0.290783159	0.222118524	0.210033761	0.154943681	0.19333429	0	0.295499955	0.166299125	0.358576245	0.207590487	0.195921069	0.289819772	0.298341516	0.294912717	0.235203951	0.29848682	0.207426239	0.273702407	0.154927456	0.219328142	0.306644928	0.305104754	0.230753475	0.274154415	0.285620147	0.192587831	0.180581732	0.220784075	0.157309087	0.152790282	0.169864856	0.183480188
X66_d28	0.238283177	0.256061471	0.205371421	0.254498036	0.425374362	0.120271585	0.374982159	0.186286986	0.130593054	0.357074688	0.220055138	0.152993907	0.2093104	0.29498508	0.29429683	0.174854269	0.174282995	0.19064814	0.166987546	0.275328932	0.278038093	0.324424914	0.289331605	0.292780693	0.225839746	0.335104587	0.27353467	0.348191354	0.295499955	0	0.241964393	0.273241787	0.397444881	0.239167199	0.334010419	0.345380995	0.346458103	0.310578496	0.191199037	0.316243462	0.182657943	0.33494961	0.289033126	0.318090596	0.161077993	0.378899399	0.304433098	0.234775731	0.309046468	0.337776977	0.274061545	0.254504982	0.327519565	0.255629666	0.346410906
X67_d28	0.180299511	0.298661771	0.213796964	0.228170495	0.349126511	0.190326322	0.308278878	0.187598643	0.25597693	0.284315935	0.171465809	0.216398443	0.17079185	0.211137747	0.228619804	0.200930079	0.191431806	0.286820878	0.268500265	0.231260171	0.185560116	0.187399054	0.1196124	0.206144791	0.124921239	0.247354413	0.136828653	0.213173884	0.166299125	0.241964393	0	0.251225697	0.239554844	0.218024074	0.196593347	0.200265408	0.204688675	0.160579069	0.236695944	0.150362617	0.180921665	0.171105849	0.118998402	0.238096411	0.246338919	0.214153971	0.175928584	0.195382144	0.230646443	0.186584925	0.124582123	0.215351253	0.22709621	0.143711251	0.179270277
X68_d28	0.343844708	0.24918381	0.339379722	0.384711899	0.542860485	0.272422348	0.494613218	0.209070722	0.298120996	0.477741184	0.314430018	0.212328408	0.309910394	0.416937701	0.36977642	0.206294213	0.307713769	0.218292858	0.23207037	0.391223813	0.334557951	0.371153297	0.309307514	0.252535469	0.247133507	0.431544931	0.325376158	0.412088906	0.358576245	0.273241787	0.251225697	0	0.433363755	0.376135808	0.290945514	0.277232684	0.285294307	0.335095673	0.157452299	0.303110611	0.183105968	0.361400389	0.267272448	0.316248027	0.272131851	0.41484052	0.243002664	0.255519327	0.429650011	0.370670869	0.235881683	0.367219816	0.394506118	0.263466076	0.362947015
X69_d28	0.289095228	0.473737605	0.353585997	0.288926211	0.265577014	0.346641935	0.269703041	0.364250841	0.397912623	0.223382007	0.315848583	0.391290285	0.300311907	0.210782663	0.266686018	0.383653771	0.343639015	0.464913771	0.421015625	0.246421577	0.256757689	0.184956086	0.19220374	0.310923962	0.295766685	0.257324428	0.24489266	0.198152641	0.207590487	0.397444881	0.239554844	0.433363755	0	0.306217103	0.309681743	0.323080328	0.306140447	0.236368512	0.42502884	0.247724986	0.340543282	0.147402658	0.245748206	0.326548216	0.435700154	0.190928863	0.282908717	0.305728869	0.240705927	0.190990019	0.273436182	0.292085648	0.213866334	0.259998508	0.173639087
X7_d28	0.122114764	0.310233776	0.127641349	0.153418332	0.292107398	0.20001549	0.255501184	0.213893123	0.195273043	0.227051165	0.156243803	0.235206036	0.115502868	0.223371308	0.145385767	0.225593231	0.177977429	0.297154517	0.310420011	0.165790038	0.12329643	0.193401258	0.203026562	0.292414476	0.21003528	0.237991656	0.165336641	0.241149519	0.195921069	0.239167199	0.218024074	0.376135808	0.306217103	0	0.305858712	0.307821474	0.312391827	0.279096643	0.284641068	0.248105293	0.275132349	0.210661018	0.265695015	0.354767115	0.213523824	0.297735478	0.322720182	0.308441154	0.189089945	0.239384742	0.242966835	0.168886819	0.194893804	0.186083476	0.214538636
X70_d28	0.286514857	0.324061993	0.312352546	0.335200877	0.435478296	0.286088257	0.418126641	0.237726535	0.336717652	0.3895848	0.260441154	0.294634508	0.276004072	0.352294871	0.302573327	0.25966995	0.282542028	0.355205117	0.344427154	0.341241299	0.268820992	0.296500434	0.203214496	0.247293652	0.186695591	0.36784888	0.243748482	0.281174535	0.289819772	0.334010419	0.196593347	0.290945514	0.309681743	0.305858712	0	0.089933489	0.103191379	0.227820878	0.268612918	0.192153705	0.219022621	0.263884638	0.145807037	0.163610956	0.309836286	0.279801406	0.111366032	0.158090625	0.334017177	0.176769094	0.128812267	0.302540574	0.292515246	0.213683878	0.251875577
X71_d28	0.283603278	0.318041607	0.287010431	0.311890931	0.4399155	0.303644525	0.416759805	0.241779377	0.341084455	0.38767754	0.258687499	0.299724204	0.279989273	0.363997351	0.284097476	0.266250395	0.289414748	0.358400547	0.345028626	0.342586137	0.249026144	0.303698237	0.216632734	0.25504346	0.199587973	0.384805555	0.242810845	0.310214635	0.298341516	0.345380995	0.200265408	0.277232684	0.323080328	0.307821474	0.089933489	0	0.108269273	0.246378188	0.25162019	0.209677757	0.233760954	0.276543067	0.158526173	0.188083538	0.31242927	0.299942329	0.120703939	0.187602178	0.355175595	0.197630528	0.138824886	0.316025799	0.310998106	0.221206138	0.27188163
X72_d28	0.28704433	0.332183585	0.308966565	0.345174756	0.458772049	0.295689011	0.435407458	0.236230363	0.32480163	0.408059842	0.25144934	0.299249834	0.27576987	0.356515032	0.308536687	0.2513784	0.281034781	0.358616111	0.3439433	0.349153861	0.27233214	0.308967409	0.206336489	0.235579863	0.209502853	0.395900582	0.261417858	0.317128115	0.294912717	0.346458103	0.204688675	0.285294307	0.306140447	0.312391827	0.103191379	0.108269273	0	0.235084296	0.28104092	0.187277212	0.239525941	0.254623929	0.147485031	0.173773636	0.321473815	0.311160326	0.127279895	0.186964807	0.351522404	0.187942125	0.15388642	0.31841367	0.314018158	0.218317432	0.241162523
X73_d28	0.259730924	0.386918147	0.30305271	0.305903777	0.413180331	0.256432284	0.393640179	0.270652059	0.331800177	0.359575509	0.269745083	0.271500346	0.24705565	0.286564289	0.312769885	0.301738999	0.260685229	0.372405886	0.318300637	0.291056802	0.247562863	0.254346523	0.171378178	0.237148278	0.20495995	0.31080058	0.222258284	0.231154547	0.235203951	0.310578496	0.160579069	0.335095673	0.236368512	0.279096643	0.227820878	0.246378188	0.235084296	0	0.322350975	0.184698935	0.225083521	0.186373685	0.162898094	0.221895463	0.343678812	0.208680341	0.218357274	0.211073635	0.296579955	0.187624536	0.174508767	0.262399886	0.291184022	0.217771647	0.19659358
X74_d28	0.247157979	0.191371434	0.247462861	0.279048742	0.436086661	0.186388401	0.399470253	0.158489027	0.220269824	0.376890582	0.228515047	0.145421194	0.232770584	0.324872189	0.270733168	0.133777081	0.222564563	0.16765329	0.148419682	0.306310894	0.308876023	0.337411202	0.284605415	0.267560917	0.223883268	0.345645051	0.270018629	0.394790854	0.29848682	0.191199037	0.236695944	0.157452299	0.42502884	0.284641068	0.268612918	0.25162019	0.28104092	0.322350975	0	0.285620879	0.166671601	0.348420813	0.248397504	0.302656884	0.189175774	0.397928238	0.243084591	0.240851609	0.368159469	0.36100637	0.21497727	0.270762826	0.304784342	0.229579333	0.356540221
X75_d28	0.220165665	0.339933737	0.260080745	0.277553542	0.362729269	0.270738617	0.336196315	0.238199058	0.312359279	0.308596	0.201541274	0.302123276	0.21657683	0.265278359	0.246677816	0.259925823	0.271608581	0.359183243	0.347674559	0.256138683	0.203350268	0.215037263	0.124986507	0.219913662	0.200344682	0.308385981	0.183268202	0.201134921	0.207426239	0.316243462	0.150362617	0.303110611	0.247724986	0.248105293	0.192153705	0.209677757	0.187277212	0.184698935	0.285620879	0	0.233942173	0.173086661	0.14403324	0.267478476	0.329178055	0.247510998	0.18815005	0.240887287	0.240891263	0.199761988	0.135172607	0.242289372	0.224593009	0.15033538	0.158313104
X76_d28	0.265830266	0.276391272	0.259884568	0.280797378	0.451989391	0.182748519	0.405797315	0.170432212	0.223262423	0.376890621	0.256508848	0.136545383	0.223219761	0.352267201	0.303660531	0.193471605	0.232141107	0.196429997	0.195281224	0.310712759	0.230305699	0.284279039	0.218701345	0.203877395	0.164438513	0.33001142	0.215904813	0.279154383	0.273702407	0.182657943	0.180921665	0.183105968	0.340543282	0.275132349	0.219022621	0.233760954	0.239525941	0.225083521	0.166671601	0.233942173	0	0.257170448	0.179575568	0.21963864	0.224886541	0.306481126	0.204057475	0.143836235	0.309795453	0.25744926	0.151546764	0.27805242	0.334637691	0.226860951	0.261934346
X77_d28	0.197367137	0.388680947	0.263772704	0.196695895	0.287402136	0.278827971	0.273960444	0.278198659	0.30339263	0.225181664	0.220767622	0.306286767	0.208695473	0.201070314	0.194144334	0.296069953	0.261768621	0.378749248	0.354936987	0.1916193	0.166350047	0.145620771	0.12963574	0.231758438	0.214682606	0.242378214	0.174009897	0.154554013	0.154927456	0.33494961	0.171105849	0.361400389	0.147402658	0.210661018	0.263884638	0.276543067	0.254623929	0.186373685	0.348420813	0.173086661	0.257170448	0	0.193032469	0.27762677	0.343576965	0.173961828	0.245333507	0.265413898	0.191119187	0.16077631	0.190599788	0.213501407	0.167888123	0.194706703	0.103494415
X78_d28	0.242214674	0.323960746	0.258152149	0.268608479	0.40002792	0.240187944	0.368496537	0.199307663	0.29315897	0.334511861	0.210878509	0.25570202	0.204272071	0.286258939	0.270376851	0.23972298	0.252245958	0.316871871	0.298887007	0.279210571	0.230789737	0.238672701	0.137016067	0.229145327	0.167488694	0.298576075	0.178093007	0.238220704	0.219328142	0.289033126	0.118998402	0.267272448	0.245748206	0.265695015	0.145807037	0.158526173	0.147485031	0.162898094	0.248397504	0.14403324	0.179575568	0.193032469	0	0.205290494	0.287645045	0.226546399	0.124489579	0.154172371	0.272059793	0.172784022	0.097984695	0.23430018	0.258025562	0.172277115	0.181767914
X79_d28	0.327908749	0.363558961	0.348936919	0.383142092	0.498149465	0.304136686	0.476729449	0.278723988	0.34247386	0.445218243	0.298772477	0.262811071	0.313433297	0.394254534	0.370756863	0.288277538	0.296256698	0.353463431	0.331718882	0.40247135	0.301738551	0.354656643	0.246949468	0.255389209	0.211427647	0.396170193	0.300971983	0.294095418	0.306644928	0.318090596	0.238096411	0.316248027	0.326548216	0.354767115	0.163610956	0.188083538	0.173773636	0.221895463	0.302656884	0.267478476	0.21963864	0.27762677	0.205290494	0	0.302555178	0.296056528	0.19106184	0.151575163	0.376590016	0.202521519	0.223174065	0.333733492	0.365768161	0.302818326	0.301022665
X8_d28	0.222971174	0.170211974	0.153569779	0.237356703	0.397407489	0.187358631	0.348028843	0.168088791	0.152758793	0.340702443	0.172591561	0.179078617	0.207035147	0.302667411	0.251311554	0.113187717	0.162738516	0.163344274	0.190002305	0.266639362	0.260267534	0.323448115	0.289838709	0.284704091	0.212203924	0.35069824	0.259886663	0.364161151	0.305104754	0.161077993	0.246338919	0.272131851	0.435700154	0.213523824	0.309836286	0.31242927	0.321473815	0.343678812	0.189175774	0.329178055	0.224886541	0.343576965	0.287645045	0.302555178	0	0.406223023	0.299115765	0.253988543	0.326188061	0.34836036	0.270019844	0.258072999	0.310608203	0.255451692	0.351058981
X80_d28	0.281376643	0.448772097	0.353179178	0.278427046	0.364507954	0.327116922	0.294902849	0.348731378	0.402336026	0.30576443	0.312690857	0.360010179	0.286335564	0.221342691	0.288998664	0.372939103	0.327908448	0.440728899	0.388826832	0.271865947	0.249075071	0.222060927	0.181405731	0.333125913	0.26284465	0.199327139	0.232437024	0.156604097	0.230753475	0.378899399	0.214153971	0.41484052	0.190928863	0.297735478	0.279801406	0.299942329	0.311160326	0.208680341	0.397928238	0.247510998	0.306481126	0.173961828	0.226546399	0.296056528	0.406223023	0	0.261317648	0.260265342	0.214614137	0.198630372	0.247806072	0.2752726	0.263978293	0.270456729	0.183322921
X81_d28	0.292679971	0.298674525	0.313485195	0.324708321	0.449821374	0.256353634	0.412856363	0.221155395	0.311227931	0.382345002	0.259318605	0.274598148	0.26905222	0.328395611	0.330513886	0.237952418	0.278710457	0.328346399	0.311066819	0.318213044	0.287446195	0.283798847	0.185438096	0.231062961	0.192594645	0.351600668	0.225678236	0.285588641	0.274154415	0.304433098	0.175928584	0.243002664	0.282908717	0.322720182	0.111366032	0.120703939	0.127279895	0.218357274	0.243084591	0.18815005	0.204057475	0.245333507	0.124489579	0.19106184	0.299115765	0.261317648	0	0.141853196	0.327260808	0.191304016	0.122205668	0.301124111	0.315542403	0.205973259	0.232062318
X82_d28	0.297964252	0.317647957	0.29510665	0.331914247	0.480804604	0.226168662	0.444122132	0.219777635	0.284293336	0.418073885	0.284403436	0.208688037	0.256238497	0.353643756	0.340889844	0.231382461	0.256033766	0.28849733	0.265547328	0.353834505	0.270584893	0.326821954	0.212823976	0.234722176	0.17289295	0.359828291	0.250518589	0.285470763	0.285620147	0.234775731	0.195382144	0.255519327	0.305728869	0.308441154	0.158090625	0.187602178	0.186964807	0.211073635	0.240851609	0.240887287	0.143836235	0.265413898	0.154172371	0.151575163	0.253988543	0.260265342	0.141853196	0	0.332111636	0.200363421	0.171126409	0.291224241	0.346051734	0.245678034	0.265188227
X84_d28	0.2188373	0.391116624	0.249007779	0.193128927	0.274902744	0.276856095	0.220663136	0.289085667	0.309165465	0.203603577	0.237418793	0.308672993	0.20900925	0.186978443	0.185697901	0.30732165	0.275728164	0.378017181	0.380040376	0.17922814	0.187780852	0.146671279	0.220401137	0.346604429	0.258452123	0.182851656	0.168546498	0.143856782	0.192587831	0.309046468	0.230646443	0.429650011	0.240705927	0.189089945	0.334017177	0.355175595	0.351522404	0.296579955	0.368159469	0.240891263	0.309795453	0.191119187	0.272059793	0.376590016	0.326188061	0.214614137	0.327260808	0.332111636	0	0.250997115	0.266576943	0.19602498	0.176744903	0.240553775	0.194636484
X85_d28	0.230508176	0.395088702	0.287879762	0.26561765	0.371641983	0.287457277	0.355695759	0.283142535	0.330961342	0.316730453	0.244083457	0.305912133	0.217606004	0.284119412	0.265795323	0.302714792	0.279828891	0.38544867	0.373710748	0.271751728	0.202974944	0.231229885	0.154021591	0.277004454	0.224677431	0.286696935	0.1980169	0.183175964	0.180581732	0.337776977	0.186584925	0.370670869	0.190990019	0.239384742	0.176769094	0.197630528	0.187942125	0.187624536	0.36100637	0.199761988	0.25744926	0.16077631	0.172784022	0.202521519	0.34836036	0.198630372	0.191304016	0.200363421	0.250997115	0	0.192121514	0.219523521	0.242298108	0.212049261	0.169525064
X86_d28	0.224998488	0.282919029	0.239973213	0.256576706	0.380767035	0.225447495	0.342965499	0.181620812	0.282250521	0.315295694	0.202534365	0.238377691	0.21140284	0.288752879	0.244099137	0.208502278	0.231263244	0.307587906	0.282674987	0.262244869	0.204519226	0.223105608	0.145213639	0.197906875	0.138127085	0.292122049	0.161168783	0.225280735	0.220784075	0.274061545	0.124582123	0.235881683	0.273436182	0.242966835	0.128812267	0.138824886	0.15388642	0.174508767	0.21497727	0.135172607	0.151546764	0.190599788	0.097984695	0.223174065	0.270019844	0.247806072	0.122205668	0.171126409	0.266576943	0.192121514	0	0.223169924	0.252592299	0.159146542	0.192721105
X88_d28	0.163567158	0.31860025	0.177650041	0.147222794	0.281042955	0.217888264	0.253230638	0.21621964	0.255593348	0.228513877	0.164795138	0.253460214	0.140555433	0.197275308	0.160284856	0.227621643	0.226835907	0.295440609	0.303054753	0.174223557	0.206038042	0.215850961	0.208134777	0.336069128	0.223037499	0.207117284	0.170510627	0.211512982	0.157309087	0.254504982	0.215351253	0.367219816	0.292085648	0.168886819	0.302540574	0.316025799	0.31841367	0.262399886	0.270762826	0.242289372	0.27805242	0.213501407	0.23430018	0.333733492	0.258072999	0.2752726	0.301124111	0.291224241	0.19602498	0.219523521	0.223169924	0	0.141442818	0.181705319	0.225541429
X89_d28	0.174589458	0.351904	0.228286407	0.168281569	0.208302423	0.280281329	0.20699279	0.244497124	0.300015029	0.175628572	0.178517415	0.320180405	0.179801076	0.146073819	0.130002826	0.254311984	0.264270308	0.360273632	0.357301785	0.164236545	0.204132851	0.156514828	0.200360546	0.324702519	0.252181749	0.191520787	0.194784776	0.212493328	0.152790282	0.327519565	0.22709621	0.394506118	0.213866334	0.194893804	0.292515246	0.310998106	0.314018158	0.291184022	0.304784342	0.224593009	0.334637691	0.167888123	0.258025562	0.365768161	0.310608203	0.263978293	0.315542403	0.346051734	0.176744903	0.242298108	0.252592299	0.141442818	0	0.172792271	0.195624654
X9_d28	0.160013622	0.288902674	0.181806242	0.197546843	0.304703005	0.210501706	0.291098814	0.156954761	0.235124495	0.266376697	0.148405445	0.224161172	0.13413139	0.20275658	0.176496307	0.191790466	0.219871207	0.292288928	0.285010094	0.189162336	0.170747032	0.170659847	0.141085958	0.238234783	0.185636447	0.259254834	0.149272675	0.251433853	0.169864856	0.255629666	0.143711251	0.263466076	0.259998508	0.186083476	0.213683878	0.221206138	0.218317432	0.217771647	0.229579333	0.15033538	0.226860951	0.194706703	0.172277115	0.302818326	0.255451692	0.270456729	0.205973259	0.245678034	0.240553775	0.212049261	0.159146542	0.181705319	0.172792271	0	0.187342567
X90_d28	0.20799235	0.404143505	0.275317507	0.222760176	0.307215026	0.284070854	0.288358001	0.281765354	0.310167755	0.241687744	0.237956974	0.319952494	0.212621988	0.213379133	0.202388873	0.298119951	0.288201485	0.37095698	0.368653973	0.192718222	0.17887839	0.140789278	0.145162747	0.257206813	0.234509341	0.243088008	0.166490811	0.176237451	0.183480188	0.346410906	0.179270277	0.362947015	0.173639087	0.214538636	0.251875577	0.27188163	0.241162523	0.19659358	0.356540221	0.158313104	0.261934346	0.103494415	0.181767914	0.301022665	0.351058981	0.183322921	0.232062318	0.265188227	0.194636484	0.169525064	0.192721105	0.225541429	0.195624654	0.187342567	0